=== Ballistic Calculator ===
Load: .30-06 Win 150gr PowerMax Bonded

Input Parameters:
  Muzzle Velocity:  2920.0 fps
  Bullet Weight:    150.0 gr
  Ballistic Coef:   0.325 (G7)
  Zero Range:       300 yards
  Sight Height:     1.50 inches

Trajectory Table (G7 Drag Model):
--------------------------------------------------------------------------------
 Range     Drop     Velocity      Energy       Time
 (yards)   (inches) (fps)         (ft-lbs)     (sec)
--------------------------------------------------------------------------------
     0        -1.5   2920.0        2839.4      0.000
    50        +2.1   2761.3        2539.1      0.053
   100        +4.6   2608.9        2266.7      0.109
   150        +5.8   2462.7        2019.6      0.168
   200        +5.5   2321.5        1794.8      0.231
   250        +3.7   2185.7        1590.9      0.297
   300        +0.0   2055.0        1406.3      0.368
   350        -5.7   1928.8        1238.9      0.443
   400       -13.8   1807.2        1087.6      0.524
   450       -24.5   1690.0         951.1      0.609
   500       -38.3   1576.9         828.1      0.701
   550       -55.6   1468.0         717.6      0.800
   600       -77.0   1363.2         618.9      0.906
   650      -103.0   1263.0         531.2      1.020
   700      -134.4   1167.9         454.2      1.144
   750      -172.3   1086.5         393.1      1.277
   800      -217.5   1041.2         361.0      1.419
   850      -270.7   1009.1         339.1      1.565
   900      -332.4    981.5         320.8      1.716
   950      -403.2    956.2         304.5      1.871
  1000      -483.4    932.5         289.5      2.030
  1050      -573.7    909.9         275.7      2.193
  1100      -674.5    888.3         262.8      2.360
  1150      -786.4    867.5         250.6      2.531
  1200      -909.9    847.4         239.1      2.707
  1250     -1045.5    827.9         228.3      2.886
  1300     -1193.9    809.0         218.0      3.070
  1350     -1355.6    790.7         208.2      3.259
  1400     -1531.4    772.9         198.9      3.451
  1450     -1721.8    755.6         190.1      3.649
--------------------------------------------------------------------------------

Muzzle Energy: 2839.4 ft-lbs
Energy at 1450 yards: 190.1 ft-lbs (6.7% retained)
Velocity at 1450 yards: 755.6 fps (25.9% retained)
